
Manistique,
1880	693		—
1890	2,940		324.2%
1900	4,126		40.3%
1910	4,722		14.4%
1920	6,380		35.1%
1930	5,198		−18.5%
1940	5,399		3.9%
1950	5,086		−5.8%
1960	4,875		−4.1%
1970	4,324		−11.3%
1980	3,962		−8.4%
1990	3,456		−12.8%
2000	3,583		3.7%
2010	3,097		−13.6%

Gladstone,

1890, 1337
1900, 3380
1910, 4211
1920, 4953
1930, 5170
1940, 4972
1950, 4831
1960, 5267
1970, 5237
1980, 4533
1990, 4565
2000, 5032
2010, 4973

Escanaba,

1880	3,026		—
1890	6,808		125.0%
1900	9,549		40.3%
1910	13,194		38.2%
1920	13,103		−0.7%
1930	14,524		10.8%
1940	14,830		2.1%
1950	15,170		2.3%
1960	15,391		1.5%
1970	15,368		−0.1%
1980	14,355		−6.6%
1990	13,659		−4.8%
2000	13,140		−3.8%
2010	12,616		−4.0%

Menominee,
1870	1,597		—
1880	3,288		105.9%
1890	10,630		223.3%
1900	12,818		20.6%
1910	10,507		−18.0%
1920	8,907		−15.2%
1930	10,320		15.9%
1940	10,230		−0.9%
1950	11,151		9.0%
1960	11,289		1.2%
1970	10,748		−4.8%
1980	10,099		−6.0%
1990	9,398		−6.9%
2000	9,131		−2.8%
2010	8,599		−5.8%

Marinette,
1880	5,412		—
1890	11,523		112.9%
1900	16,195		40.5%
1910	14,610		−9.8%
1920	13,610		−6.8%
1930	13,734		0.9%
1940	14,183		3.3%
1950	14,178		0.0%
1960	13,329		−6.0%
1970	12,696		−4.7%
1980	11,965		−5.8%
1990	11,843		−1.0%
2000	11,749		−0.8%
2010	10,968		−6.6%

Oconto,
1860	885		—
1870	2,655		200.0%
1880	4,171		57.1%
1890	5,219		25.1%
1900	4,646		−11.0%
1910	5,629		21.2%
1920	4,920		−12.6%
1930	5,030		2.2%
1940	5,362		6.6%
1950	5,055		−5.7%
1960	4,805		−4.9%
1970	4,667		−2.9%
1980	4,505		−3.5%
1990	4,474		−0.7%
2000	4,708		5.2%
2010	4,513		−4.1%

Green Bay,
1860	2,276		—
1870	4,698		106.4%
1880	7,476		59.1%
1890	9,069		21.3%
1900	23,748		161.9%
1910	25,216		6.2%
1920	31,643		25.5%
1930	37,407		18.2%
1940	46,205		23.5%
1950	52,735		14.1%
1960	62,952		19.4%
1970	87,829		39.5%
1980	87,947		0.1%
1990	96,466		9.7%
2000	102,313		6.1%
2010	104,057		1.7%

Algoma,
1880	948		—
1890	1,015		7.1%
1900	1,738		71.2%
1910	2,082		19.8%
1920	1,911		−8.2%
1930	2,202		15.2%
1940	2,652		20.4%
1950	3,384		27.6%
1960	3,855		13.9%
1970	4,023		4.4%
1980	3,656		−9.1%
1990	3,353		−8.3%
2000	3,357		0.1%
2010	3,167		−5.7%

Kewaunee,
1880	1,050		—
1890	1,216		15.8%
1900	1,773		45.8%
1910	1,839		3.7%
1920	1,865		1.4%
1930	2,409		29.2%
1940	2,533		5.1%
1950	2,583		2.0%
1960	2,772		7.3%
1970	2,901		4.7%
1980	2,801		−3.4%
1990	2,750		−1.8%
2000	2,806		2.0%
2010	2,952		5.2%

Two Rivers,
1860	1,337		—
1870	1,365		2.1%
1880	2,052		50.3%
1890	2,870		39.9%
1900	3,784		31.8%
1910	4,850		28.2%
1920	7,305		50.6%
1930	10,083		38.0%
1940	10,302		2.2%
1950	10,243		−0.6%
1960	12,393		21.0%
1970	13,732		10.8%
1980	13,354		−2.8%
1990	13,030		−2.4%
2000	12,639		−3.0%
2010	11,712		−7.3

Manitowoc,
1860	3,059		—
1870	5,168		68.9%
1880	6,367		23.2%
1890	7,710		21.1%
1900	11,786		52.9%
1910	13,027		10.5%
1920	17,563		34.8%
1930	22,963		30.7%
1940	24,404		6.3%
1950	27,598		13.1%
1960	32,275		16.9%
1970	33,430		3.6%
1980	32,547		−2.6%
1990	32,520		−0.1%
2000	34,053		4.7%
2010	33,736		−0.9%

Sheboygan,
4,262		—
1870	5,310		24.6%
1880	7,314		37.7%
1890	16,359		123.7%
1900	22,962		40.4%
1910	26,398		15.0%
1920	30,955		17.3%
1930	39,251		26.8%
1940	40,638		3.5%
1950	42,365		4.2%
1960	45,747		8.0%
1970	49,246		7.6%
1980	48,085		−2.4%
1990	49,718		3.4%
2000	50,792		2.2%
2010	49,288		−3.0%

Port Washington,
1880	1,386		—
1890	1,649		19.0%
1900	3,010		82.5%
1910	3,792		26.0%
1920	3,340		−11.9%
1930	3,693		10.6%
1940	4,046		9.6%
1950	4,755		17.5%
1960	5,984		25.8%
1970	8,752		46.3%
1980	8,612		−1.6%
1990	9,338		8.4%
2000	10,467		12.1%
2010	11,250		7.5%

Milwaukee,
1840	1,700		—
1850	20,061		1,080.1%
1860	45,246		125.5%
1870	71,440		57.9%
1880	115,587		61.8%
1890	204,468		76.9%
1900	285,315		39.5%
1910	373,857		31.0%
1920	457,147		22.3%
1930	578,249		26.5%
1940	587,472		1.6%
1950	637,392		8.5%
1960	741,324		16.3%
1970	717,099		−3.3%
1980	636,212		−11.3%
1990	628,088		−1.3%
2000	596,974		−5.0%
2010	594,833		−0.4%

St. Francis,
FLAGGED FOR PARANOIA
1960	10,065		—
1970	10,460		3.9%
1980	10,095		−3.5%
1990	9,245		−8.4%
2000	8,662		−6.3%
2010	9,363		8.1%

Cudahy,
1900	1,366		—
1910	3,691		170.2%
1920	6,725		82.2%
1930	10,631		58.1%
1940	10,561		−0.7%
1950	12,182		15.3%
1960	17,975		47.6%
1970	22,078		22.8%
1980	19,547		−11.5%
1990	18,659		−4.5%
2000	18,429		−1.2%
2010	18,267		−0.9%

South Milwaukee,
1900	3,392		—
1910	6,092		79.6%
1920	7,598		24.7%
1930	10,706		40.9%
1940	11,134		4.0%
1950	12,855		15.5%
1960	20,307		58.0%
1970	23,297		14.7%
1980	21,069		−9.6%
1990	20,958		−0.5%
2000	21,256		1.4%
2010	21,156		−0.5%

Oak Creek,
FLAGGAED
1960	9,372		—
1970	13,928		48.6%
1980	16,932		21.6%
1990	19,513		15.2%
2000	28,456		45.8%
2010	34,451		21.1%

Racine,
1850	5,107		—
1860	7,822		53.2%
1870	9,880		26.3%
1880	16,031		62.3%
1890	21,014		31.1%
1900	29,102		38.5%
1910	38,002		30.6%
1920	58,593		54.2%
1930	67,542		15.3%
1940	67,195		−0.5%
1950	71,193		5.9%
1960	89,144		25.2%
1970	95,162		6.8%
1980	85,725		−9.9%
1990	84,298		−1.7%
2000	81,855		−2.9%
2010	78,860		−3.7%

Kenosha,
1850	3,455		—
1860	3,990		15.5%
1870	4,309		8.0%
1880	4,039		−6.3%
1890	6,532		61.7%
1900	11,606		77.7%
1910	21,371		84.1%
1920	40,472		89.4%
1930	50,262		24.2%
1940	48,765		−3.0%
1950	54,368		11.5%
1960	67,899		24.9%
1970	78,805		16.1%
1980	77,685		−1.4%
1990	80,352		3.4%
2000	90,352		12.4%
2010	99,218		9.8%

Waukegan,
1860	3,433		—
1870	4,507		31.3%
1880	4,012		−11.0%
1890	4,915		22.5%
1900	9,426		91.8%
1910	16,069		70.5%
1920	19,226		19.6%
1930	33,499		74.2%
1940	34,241		2.2%
1950	46,698		36.4%
1960	61,784		32.3%
1970	65,134		5.4%
1980	67,653		3.9%
1990	69,392		2.6%
2000	89,426		28.9%
2010	89,078		−0.4%

North Chicago,
1900	1,150		—
1910	3,306		187.5%
1920	5,839		76.6%
1930	8,466		45.0%
1940	8,465		0.0%
1950	8,628		1.9%
1960	22,938		165.9%
1970	47,275		106.1%
1980	38,774		−18.0%
1990	34,978		−9.8%
2000	35,918		2.7%
2010	32,574		−9.3%

Lake Forest,
1880	877		—
1890	1,203		37.2%
1900	2,215		84.1%
1910	3,349		51.2%
1920	3,657		9.2%
1930	6,554		79.2%
1940	6,885		5.1%
1950	7,819		13.6%
1960	10,687		36.7%
1970	15,642		46.4%
1980	15,245		−2.5%
1990	17,836		17.0%
2000	20,059		12.5%
2010	19,375		−3.4%

Highwood,
1890	451		—
1900	1,575		249.2%
1910	1,219		−22.6%
1920	1,446		18.6%
1930	3,590		148.3%
1940	3,707		3.3%
1950	3,813		2.9%
1960	4,499		18.0%
1970	4,973		10.5%
1980	5,455		9.7%
1990	5,331		−2.3%
2000	4,143		−22.3%
2010	5,405		30.5%

Highland Park,
1880	1,154		—
1890	2,163		87.4%
1900	2,806		29.7%
1910	4,209		50.0%
1920	6,167		46.5%
1930	12,203		97.9%
1940	14,476		18.6%
1950	16,808		16.1%
1960	25,532		51.9%
1970	32,263		26.4%
1980	30,599		−5.2%
1990	30,575		−0.1%
2000	31,365		2.6%
2010	29,763		−5.1%

Evanston,
1880	4,400		—
1890	9,000		104.5%
1900	19,259		114.0%
1910	24,978		29.7%
1920	37,234		49.1%
1930	63,338		70.1%
1940	65,389		3.2%
1950	73,641		12.6%
1960	79,263		7.6%
1970	79,808		0.7%
1980	73,706		−7.6%
1990	73,233		−0.6%
2000	74,239		1.4%
2010	74,486		0.3%

Chicago,
1840	4,470		—
1850	29,963		570.3%
1860	112,172		274.4%
1870	298,977		166.5%
1880	503,185		68.3%
1890	1,099,850		118.6%
1900	1,698,575		54.4%
1910	2,185,283		28.7%
1920	2,701,705		23.6%
1930	3,376,438		25.0%
1940	3,396,808		0.6%
1950	3,620,962		6.6%
1960	3,550,404		−1.9%
1970	3,366,957		−5.2%
1980	3,005,072		−10.7%
1990	2,783,726		−7.4%
2000	2,896,016		4.0%
2010	2,695,598		−6.9%

Hammond,
1880	699		—
1890	5,284		655.9%
1900	12,376		134.2%
1910	20,925		69.1%
1920	36,004		72.1%
1930	65,559		82.1%
1940	70,183		7.1%
1950	87,595		24.8%
1960	111,698		27.5%
1970	107,983		−3.3%
1980	91,985		−14.8%
1990	84,236		−8.4%
2000	83,048		−1.4%
2010	80,830		−2.7%

Whiting,
1880	115		—
1890	200		73.9%
1900	3,983		1,891.5%
1910	6,587		65.4%
1920	10,145		54.0%
1930	10,880		7.2%
1940	10,307		−5.3%
1950	9,669		−6.2%
1960	8,137		−15.8%
1970	7,054		−13.3%
1980	5,630		−20.2%
1990	5,155		−8.4%
2000	5,137		−0.3%
2010	4,997		−2.7%

East Chicago,
1890	1,255		—
1900	3,411		171.8%
1910	19,098		459.9%
1920	35,967		88.3%
1930	54,784		52.3%
1940	54,637		−0.3%
1950	54,263		−0.7%
1960	57,669		6.3%
1970	46,982		−18.5%
1980	39,786		−15.3%
1990	33,892		−14.8%
2000	32,414		−4.4%
2010	29,698		−8.4%

Gary,
1910	16,802		—
1920	55,378		229.6%
1930	100,666		81.8%
1940	111,719		11.0%
1950	133,911		19.9%
1960	178,320		33.2%
1970	175,415		−1.6%
1980	151,968		−13.4%
1990	116,646		−23.2%
2000	102,746		−11.9%
2010	80,294		−21.9%

Portage,
1950	2,116		—
1960	11,822		458.7%
1970	19,127		61.8%
1980	27,409		43.3%
1990	29,060		6.0%
2000	33,496		15.3%
2010	36,828		9.9%

Michigan City,
1850	999		—
1860	3,320		232.3%
1870	3,985		20.0%
1880	7,366		84.8%
1890	10,773		46.3%
1900	14,850		37.8%
1910	19,027		28.1%
1920	19,457		2.3%
1930	26,735		37.4%
1940	26,476		−1.0%
1950	28,395		7.2%
1960	36,653		29.1%
1970	39,369		7.4%
1980	36,850		−6.4%
1990	33,822		−8.2%
2000	32,900		−2.7%
2010	31,479		−4.3%

New Buffalo,
1870	683		—
1880	523		−23.4%
1890	553		5.7%
1900	629		13.7%
1910	528		−16.1%
1920	496		−6.1%
1930	1,051		111.9%
1940	1,190		13.2%
1950	1,565		31.5%
1960	2,128		36.0%
1970	2,784		30.8%
1980	2,821		1.3%
1990	2,317		−17.9%
2000	2,200		−5.0%
2010	1,883		−14.4%

Bridgman,
FLAGGED
1880	194		—
1930	848		—
1940	774		−8.7%
1950	977		26.2%
1960	1,454		48.8%
1970	1,621		11.5%
1980	2,235		37.9%
1990	2,140		−4.3%
2000	2,428		13.5%
2010	2,291		−5.6

St. Joseph,
1880	2,603		—
1890	3,733		43.4%
1900	5,155		38.1%
1910	5,936		15.2%
1920	7,251		22.2%
1930	8,349		15.1%
1940	8,963		7.4%
1950	10,223		14.1%
1960	11,755		15.0%
1970	11,042		−6.1%
1980	9,622		−12.9%
1990	9,214		−4.2%
2000	8,789		−4.6%
2010	8,365		−4.8%

Benton Harbor,
1870	661		—
1880	1,230		86.1%
1890	3,692		200.2%
1900	6,562		77.7%
1910	9,185		40.0%
1920	12,233		33.2%
1930	15,434		26.2%
1940	16,668		8.0%
1950	18,769		12.6%
1960	19,136		2.0%
1970	16,481		−13.9%
1980	14,707		−10.8%
1990	12,818		−12.8%
2000	11,182		−12.8%
2010	10,038		−10.2%

South Haven,
1860	308		—
1870	1,576		411.7%
1880	1,442		−8.5%
1890	1,924		33.4%
1900	4,009		108.4%
1910	3,577		−10.8%
1920	3,829		7.0%
1930	4,804		25.5%
1940	4,745		−1.2%
1950	5,629		18.6%
1960	6,149		9.2%
1970	6,471		5.2%
1980	5,943		−8.2%
1990	5,563		−6.4%
2000	5,021		−9.7%
2010	4,403		−12.3%

Douglas,
1880	522		—
1890	404		−22.6%
1900	444		9.9%
1910	485		9.2%
1920	305		−37.1%
1930	368		20.7%
1940	421		14.4%
1950	447		6.2%
1960	602		34.7%
1970	813		35.0%
1980	948		16.6%
1990	1,040		9.7%
2000	1,214		16.7%
2010	1,232		1.5%

Saugatuck,
1870	1,026		—
1880	794		−22.6%
1890	799		0.6%
1900	707		−11.5%
1910	621		−12.2%
1920	526		−15.3%
1930	696		32.3%
1940	628		−9.8%
1950	770		22.6%
1960	927		20.4%
1970	1,022		10.2%
1980	1,079		5.6%
1990	954		−11.6%
2000	1,065		11.6%
2010	925		−13.1%

Holland,
1870	2,319		—
1880	2,620		13.0%
1890	3,945		50.6%
1900	7,790		97.5%
1910	10,490		34.7%
1920	12,183		16.1%
1930	14,346		17.8%
1940	14,616		1.9%
1950	15,858		8.5%
1960	24,777		56.2%
1970	26,337		6.3%
1980	26,281		−0.2%
1990	30,745		17.0%
2000	35,048		14.0%
2010	33,051		−5.7%

Grand Haven,
1870	3,147		—
1880	4,862		54.5%
1890	5,028		3.4%
1900	4,743		−5.7%
1910	5,856		23.5%
1920	7,205		23.0%
1930	8,345		15.8%
1940	8,799		5.4%
1950	9,536		8.4%
1960	11,066		16.0%
1970	11,844		7.0%
1980	11,763		−0.7%
1990	11,951		1.6%
2000	11,168		−6.6%
2010	10,412		−6.8%

Ferrysburg,
FLAGGED
1880	411		—
1890	692		68.4%
1950	1,454		—
1960	2,590		78.1%
1970	2,196		−15.2%
1980	2,440		11.1%
1990	2,919		19.6%
2000	3,040		4.1%
2010	2,892		−4.9%

Norton Shores,
1970	22,271		—
1980	22,025		−1.1%
1990	21,755		−1.2%
2000	22,527		3.5%
2010	23,994		6.5%

Muskegon,
1860	1,450		—
1870	6,002		313.9%
1880	11,262		87.6%
1890	22,702		101.6%
1900	20,818		−8.3%
1910	24,062		15.6%
1920	36,570		52.0%
1930	41,390		13.2%
1940	47,697		15.2%
1950	48,429		1.5%
1960	46,485		−4.0%
1970	44,631		−4.0%
1980	40,823		−8.5%
1990	40,283		−1.3%
2000	40,105		−0.4%
2010	38,401		−4.2%

Ludington,
1880	4,190		—
1890	7,517		79.4%
1900	7,166		−4.7%
1910	9,132		27.4%
1920	8,810		−3.5%
1930	8,898		1.0%
1940	8,701		−2.2%
1950	9,506		9.3%
1960	9,421		−0.9%
1970	9,021		−4.2%
1980	8,937		−0.9%
1990	8,507		−4.8%
2000	8,357		−1.8%
2010	8,076		−3.4%

Manistee,
1870	3,343		—
1880	6,930		107.3%
1890	12,812		84.9%
1900	14,260		11.3%
1910	12,381		−13.2%
1920	9,694		−21.7%
1930	8,078		−16.7%
1940	8,694		7.6%
1950	8,642		−0.6%
1960	8,324		−3.7%
1970	7,723		−7.2%
1980	7,665		−0.8%
1990	6,734		−12.1%
2000	6,586		−2.2%
2010	6,226		−5.5%

Frankfort,
1880	782		—
1890	1,175		50.3%
1900	1,465		24.7%
1910	1,555		6.1%
1920	1,244		−20.0%
1930	1,468		18.0%
1940	1,642		11.9%
1950	1,605		−2.3%
1960	1,690		5.3%
1970	1,660		−1.8%
1980	1,603		−3.4%
1990	1,546		−3.6%
2000	1,513		−2.1%
2010	1,286		−15.0%

Traverse City,
1880	1,897		—
1890	4,353		129.5%
1900	9,407		116.1%
1910	12,115		28.8%
1920	10,925		−9.8%
1930	12,539		14.8%
1940	14,455		15.3%
1950	16,974		17.4%
1960	18,432		8.6%
1970	18,048		−2.1%
1980	15,516		−14.0%
1990	15,155		−2.3%
2000	14,532		−4.1%
2010	14,674		1.0%

Charlevoix,
1880	512		—
1890	1,496		192.2%
1900	2,079		39.0%
1910	2,420		16.4%
1920	2,218		−8.3%
1930	2,247		1.3%
1940	2,299		2.3%
1950	2,695		17.2%
1960	2,751		2.1%
1970	3,519		27.9%
1980	3,296		−6.3%
1990	3,116		−5.5%
2000	2,994		−3.9%
2010	2,513		−16.1%

Petoskey,
1880	1,815		—
1890	2,872		58.2%
1900	5,285		84.0%
1910	4,778		−9.6%
1920	5,064		6.0%
1930	5,740		13.3%
1940	6,019		4.9%
1950	6,468		7.5%
1960	6,138		−5.1%
1970	6,342		3.3%
1980	6,097		−3.9%
1990	6,056		−0.7%
2000	6,080		0.4%
2010	5,670		−6.7%

Harbor Springs,
1880	164		—
1890	1,052		541.5%
1900	1,643		56.2%
1910	1,805		9.9%
1920	1,600		−11.4%
1930	1,429		−10.7%
1940	1,423		−0.4%
1950	1,626		14.3%
1960	1,433		−11.9%
1970	1,662		16.0%
1980	1,567		−5.7%
1990	1,540		−1.7%
2000	1,567		1.8%
2010	1,194		−23.8%
